73 0.507098 0.708763 0.0133097 0.154639
56 0.052795 0.60567 0.0452529 0.103093
62 0.0226264 0.628866 0.0452529 0.103093
73 0.480035 0.71134 0.0124224 0.118557
63 0.332742 0.48067 0.0230701 0.0541237
66 0.331411 0.775773 0.08252 0.056701
62 0.332742 0.479381 0.0230701 0.0515464
73 0.581633 0.73067 0.0204082 0.162371
73 0.55945 0.722938 0.0221828 0.146907
73 0.492014 0.71134 0.0168589 0.134021
0 0.297693 0.475515 0.0186335 0.064433
0 0.636202 0.516753 0.0390417 0.0798969
56 0.232476 0.853093 0.156167 0.283505
62 0.336735 0.609536 0.0931677 0.213918
0 0.44543 0.489691 0.0230701 0.0979381
0 0.253327 0.739691 0.118012 0.494845
0 0.362467 0.429124 0.0434783 0.188144
0 0.897959 0.658505 0.079858 0.68299
0 0.788376 0.655928 0.107365 0.667526
0 0.167258 0.659794 0.126886 0.675258
